high:
  B8_CC:  1.94804e+08
  B8_ES:  4.68636e+07
  HEP_CC: 931441
  HEP_ES: 116999
  N13:    0
  O15:    2.44252e+06
  F17:    63415.6
low:
  B8_CC:  1.57147e+08
  B8_ES:  3.78044e+07
  HEP_CC: 770365
  HEP_ES: 96766.3
  N13:    0
  O15:    1.37258e+06
  F17:    31264.2
